[
    {
        "task_no": 1,
        "jog1": [
            0.2,
            0.0,
            0.0,
            0.0,
            0.0,
            0.0,
            0.0
        ],
        "jog2": [
            0.2,
            0.0,
            0.2,
            0.0,
            0.0,
            0.0,
            0.0
        ],
        "jog3": [
            0.2,
            0.3,
            0.2,
            0.0,
            0.0,
            0.0,
            0.0
        ],
        "jog4": [
            0.2,
            0.3,
            0.0,
            0.0,
            0.0,
            0.0,
            0.0
        ],
        "jog5": [
            0.2,
            0.1,
            0.0,
            0.0,
            0.0,
            0.0,
            0.0
        ],
        "jog6": [
            0.2,
            0.1,
            0.0,
            0.0,
            0.0,
            0.0,
            3.0
        ],
        "jog7": [
            0.0,
            0.1,
            0.0,
            0.0,
            0.0,
            0.0,
            3.0
        ],
        "jog8": [
            0.0,
            0.1,
            0.0,
            0.0,
            0.0,
            0.0,
            5.0
        ],
        "jog9": [
            0.0,
            0.1,
            0.2,
            0.0,
            0.0,
            0.0,
            5.0
        ],
        "jog10": [
            0.0,
            0.3,
            0.2,
            0.0,
            0.0,
            0.0,
            5.0
        ],
        "jog11": [
            0.0,
            0.3,
            0.2,
            0.0,
            0.0,
            0.0,
            0.0
        ],
        "jog12": [
            0.0,
            0.0,
            0.0,
            0.0,
            0.0,
            0.0,
            0.0
        ]
    },
    {
        "task_no": 2,
        "jog1": [
            0.0,
            0.0,
            0.0,
            0.0,
            0.0,
            0.0,
            0.2
        ],
        "jog2": [
            0.3,
            0.0,
            0.0,
            0.0,
            0.0,
            0.0,
            0.2
        ],
        "jog3": [
            0.2,
            0.1,
            0.0,
            0.0,
            0.0,
            0.0,
            0.2
        ],
        "jog4": [
            0.2,
            0.1,
            0.0,
            0.0,
            0.0,
            0.0,
            0.4
        ],
        "jog5": [
            0.2,
            0.1,
            0.3,
            0.0,
            0.0,
            0.0,
            0.4
        ],
        "jog6": [
            0.2,
            0.1,
            0.3,
            0.0,
            0.0,
            0.0,
            0.8
        ],
        "jog7": [
            0.0,
            0.0,
            0.0,
            0.0,
            0.0,
            0.0,
            0.0
        ]
    }
]